      Jan  Feb  Mar  Apr  May  Jun  Jul  Aug  Sep  Oct  Nov  Dec
2014   54   80   99  129  164  218  314  379  435  539  638  668
2015  671  671  774  811  846  895  978 1052 1153 1283 1445 1613
2016 1761 1844 1923 1966 2031 2119 2246 2394 2476 2521 2574 2603
2017 2634 2650 2665 2677 2700 2723 2774 2855 2909 2968 3024 3056
2018 3060 3070 3084 3087 3097 3113 3139 3174 3215 3278 3333 3387
2019 3398 3434 3450 3478 3507 3516 3607 3791 3987 4232 4391 4545
2020 4562 4596 4622 4652 4668 4676 4705 4740 4771 4789 4823 4852
2021 4856 4859 4860 4861 4865 4868 4879 4884 4891 4911 4932 4966
2022 4976 4982 5011 5023 5036 5065 5151 5349 5573 5834 6026 6122
2023 6122 6122 6122 6122 6122 6122 6122 6122 6122 6122 6122 6278
2024 6327 6471 6587 6789 6957 7093 7352 7709 8257 8714 8969     